00000000,00000000,11000 ps,90000 ps,0000000000000000
00000000,00000001,111000 ps,190000 ps,0000000000000000
00000000,00000010,211000 ps,290000 ps,0000000000000000
00000000,00000011,311000 ps,390000 ps,0000000000000000
00000000,00000100,411000 ps,490000 ps,0000000000000000
00000000,00000101,511000 ps,590000 ps,0000000000000000
00000000,00000110,611000 ps,690000 ps,0000000000000000
00000000,00000111,711000 ps,790000 ps,0000000000000000
00000000,00001000,811000 ps,890000 ps,0000000000000000
00000000,00001001,911000 ps,990000 ps,0000000000000000
00000000,00001010,1011000 ps,1090000 ps,0000000000000000
00000000,00001011,1111000 ps,1190000 ps,0000000000000000
00000000,00001100,1211000 ps,1290000 ps,0000000000000000
00000000,00001101,1311000 ps,1390000 ps,0000000000000000
00000000,00001110,1411000 ps,1490000 ps,0000000000000000
00000000,00001111,1511000 ps,1590000 ps,0000000000000000
00000000,00010000,1611000 ps,1690000 ps,0000000000000000
00000000,00010001,1711000 ps,1790000 ps,0000000000000000
00000000,00010010,1811000 ps,1890000 ps,0000000000000000
00000000,00010011,1911000 ps,1990000 ps,0000000000000000
00000000,00010100,2011000 ps,2090000 ps,0000000000000000
00000000,00010101,2111000 ps,2190000 ps,0000000000000000
00000000,00010110,2211000 ps,2290000 ps,0000000000000000
00000000,00010111,2311000 ps,2390000 ps,0000000000000000
00000000,00011000,2411000 ps,2490000 ps,0000000000000000
00000000,00011001,2511000 ps,2590000 ps,0000000000000000
00000000,00011010,2611000 ps,2690000 ps,0000000000000000
00000000,00011011,2711000 ps,2790000 ps,0000000000000000
00000000,00011100,2811000 ps,2890000 ps,0000000000000000
00000000,00011101,2911000 ps,2990000 ps,0000000000000000
00000000,00011110,3011000 ps,3090000 ps,0000000000000000
00000000,00011111,3111000 ps,3190000 ps,0000000000000000
00000000,00100000,3211000 ps,3290000 ps,0000000000000000
00000000,00100001,3311000 ps,3390000 ps,0000000000000000
00000000,00100010,3411000 ps,3490000 ps,0000000000000000
00000000,00100011,3511000 ps,3590000 ps,0000000000000000
00000000,00100100,3611000 ps,3690000 ps,0000000000000000
00000000,00100101,3711000 ps,3790000 ps,0000000000000000
00000000,00100110,3811000 ps,3890000 ps,0000000000000000
00000000,00100111,3911000 ps,3990000 ps,0000000000000000
00000000,00101000,4011000 ps,4090000 ps,0000000000000000
00000000,00101001,4111000 ps,4190000 ps,0000000000000000
00000000,00101010,4211000 ps,4290000 ps,0000000000000000
00000000,00101011,4311000 ps,4390000 ps,0000000000000000
00000000,00101100,4411000 ps,4490000 ps,0000000000000000
00000000,00101101,4511000 ps,4590000 ps,0000000000000000
00000000,00101110,4611000 ps,4690000 ps,0000000000000000
00000000,00101111,4711000 ps,4790000 ps,0000000000000000
00000000,00110000,4811000 ps,4890000 ps,0000000000000000
00000000,00110001,4911000 ps,4990000 ps,0000000000000000
00000000,00110010,5011000 ps,5090000 ps,0000000000000000
00000000,00110011,5111000 ps,5190000 ps,0000000000000000
00000000,00110100,5211000 ps,5290000 ps,0000000000000000
00000000,00110101,5311000 ps,5390000 ps,0000000000000000
00000000,00110110,5411000 ps,5490000 ps,0000000000000000
00000000,00110111,5511000 ps,5590000 ps,0000000000000000
00000000,00111000,5611000 ps,5690000 ps,0000000000000000
00000000,00111001,5711000 ps,5790000 ps,0000000000000000
00000000,00111010,5811000 ps,5890000 ps,0000000000000000
00000000,00111011,5911000 ps,5990000 ps,0000000000000000
00000000,00111100,6011000 ps,6090000 ps,0000000000000000
00000000,00111101,6111000 ps,6190000 ps,0000000000000000
00000000,00111110,6211000 ps,6290000 ps,0000000000000000
00000000,00111111,6311000 ps,6390000 ps,0000000000000000
00000000,01000000,6411000 ps,6490000 ps,0000000000000000
00000000,01000001,6511000 ps,6590000 ps,0000000000000000
00000000,01000010,6611000 ps,6690000 ps,0000000000000000
00000000,01000011,6711000 ps,6790000 ps,0000000000000000
00000000,01000100,6811000 ps,6890000 ps,0000000000000000
00000000,01000101,6911000 ps,6990000 ps,0000000000000000
00000000,01000110,7011000 ps,7090000 ps,0000000000000000
00000000,01000111,7111000 ps,7190000 ps,0000000000000000
00000000,01001000,7211000 ps,7290000 ps,0000000000000000
00000000,01001001,7311000 ps,7390000 ps,0000000000000000
00000000,01001010,7411000 ps,7490000 ps,0000000000000000
00000000,01001011,7511000 ps,7590000 ps,0000000000000000
00000000,01001100,7611000 ps,7690000 ps,0000000000000000
00000000,01001101,7711000 ps,7790000 ps,0000000000000000
00000000,01001110,7811000 ps,7890000 ps,0000000000000000
00000000,01001111,7911000 ps,7990000 ps,0000000000000000
00000000,01010000,8011000 ps,8090000 ps,0000000000000000
00000000,01010001,8111000 ps,8190000 ps,0000000000000000
00000000,01010010,8211000 ps,8290000 ps,0000000000000000
00000000,01010011,8311000 ps,8390000 ps,0000000000000000
00000000,01010100,8411000 ps,8490000 ps,0000000000000000
00000000,01010101,8511000 ps,8590000 ps,0000000000000000
00000000,01010110,8611000 ps,8690000 ps,0000000000000000
00000000,01010111,8711000 ps,8790000 ps,0000000000000000
00000000,01011000,8811000 ps,8890000 ps,0000000000000000
00000000,01011001,8911000 ps,8990000 ps,0000000000000000
00000000,01011010,9011000 ps,9090000 ps,0000000000000000
00000000,01011011,9111000 ps,9190000 ps,0000000000000000
00000000,01011100,9211000 ps,9290000 ps,0000000000000000
00000000,01011101,9311000 ps,9390000 ps,0000000000000000
00000000,01011110,9411000 ps,9490000 ps,0000000000000000
00000000,01011111,9511000 ps,9590000 ps,0000000000000000
00000000,01100000,9611000 ps,9690000 ps,0000000000000000
00000000,01100001,9711000 ps,9790000 ps,0000000000000000
00000000,01100010,9811000 ps,9890000 ps,0000000000000000
00000000,01100011,9911000 ps,9990000 ps,0000000000000000
00000000,01100100,10011000 ps,10090000 ps,0000000000000000
00000000,01100101,10111000 ps,10190000 ps,0000000000000000
00000000,01100110,10211000 ps,10290000 ps,0000000000000000
00000000,01100111,10311000 ps,10390000 ps,0000000000000000
00000000,01101000,10411000 ps,10490000 ps,0000000000000000
00000000,01101001,10511000 ps,10590000 ps,0000000000000000
00000000,01101010,10611000 ps,10690000 ps,0000000000000000
00000000,01101011,10711000 ps,10790000 ps,0000000000000000
00000000,01101100,10811000 ps,10890000 ps,0000000000000000
00000000,01101101,10911000 ps,10990000 ps,0000000000000000
00000000,01101110,11011000 ps,11090000 ps,0000000000000000
00000000,01101111,11111000 ps,11190000 ps,0000000000000000
00000000,01110000,11211000 ps,11290000 ps,0000000000000000
00000000,01110001,11311000 ps,11390000 ps,0000000000000000
00000000,01110010,11411000 ps,11490000 ps,0000000000000000
00000000,01110011,11511000 ps,11590000 ps,0000000000000000
00000000,01110100,11611000 ps,11690000 ps,0000000000000000
00000000,01110101,11711000 ps,11790000 ps,0000000000000000
00000000,01110110,11811000 ps,11890000 ps,0000000000000000
00000000,01110111,11911000 ps,11990000 ps,0000000000000000
00000000,01111000,12011000 ps,12090000 ps,0000000000000000
00000000,01111001,12111000 ps,12190000 ps,0000000000000000
00000000,01111010,12211000 ps,12290000 ps,0000000000000000
00000000,01111011,12311000 ps,12390000 ps,0000000000000000
00000000,01111100,12411000 ps,12490000 ps,0000000000000000
00000000,01111101,12511000 ps,12590000 ps,0000000000000000
00000000,01111110,12611000 ps,12690000 ps,0000000000000000
00000000,01111111,12711000 ps,12790000 ps,0000000000000000
00000000,10000000,12811000 ps,12890000 ps,0000000000000000
00000000,10000001,12911000 ps,12990000 ps,0000000000000000
00000000,10000010,13011000 ps,13090000 ps,0000000000000000
00000000,10000011,13111000 ps,13190000 ps,0000000000000000
00000000,10000100,13211000 ps,13290000 ps,0000000000000000
00000000,10000101,13311000 ps,13390000 ps,0000000000000000
00000000,10000110,13411000 ps,13490000 ps,0000000000000000
00000000,10000111,13511000 ps,13590000 ps,0000000000000000
00000000,10001000,13611000 ps,13690000 ps,0000000000000000
00000000,10001001,13711000 ps,13790000 ps,0000000000000000
00000000,10001010,13811000 ps,13890000 ps,0000000000000000
00000000,10001011,13911000 ps,13990000 ps,0000000000000000
00000000,10001100,14011000 ps,14090000 ps,0000000000000000
00000000,10001101,14111000 ps,14190000 ps,0000000000000000
00000000,10001110,14211000 ps,14290000 ps,0000000000000000
00000000,10001111,14311000 ps,14390000 ps,0000000000000000
00000000,10010000,14411000 ps,14490000 ps,0000000000000000
00000000,10010001,14511000 ps,14590000 ps,0000000000000000
00000000,10010010,14611000 ps,14690000 ps,0000000000000000
00000000,10010011,14711000 ps,14790000 ps,0000000000000000
00000000,10010100,14811000 ps,14890000 ps,0000000000000000
00000000,10010101,14911000 ps,14990000 ps,0000000000000000
00000000,10010110,15011000 ps,15090000 ps,0000000000000000
00000000,10010111,15111000 ps,15190000 ps,0000000000000000
00000000,10011000,15211000 ps,15290000 ps,0000000000000000
00000000,10011001,15311000 ps,15390000 ps,0000000000000000
00000000,10011010,15411000 ps,15490000 ps,0000000000000000
00000000,10011011,15511000 ps,15590000 ps,0000000000000000
00000000,10011100,15611000 ps,15690000 ps,0000000000000000
00000000,10011101,15711000 ps,15790000 ps,0000000000000000
00000000,10011110,15811000 ps,15890000 ps,0000000000000000
00000000,10011111,15911000 ps,15990000 ps,0000000000000000
00000000,10100000,16011000 ps,16090000 ps,0000000000000000
00000000,10100001,16111000 ps,16190000 ps,0000000000000000
00000000,10100010,16211000 ps,16290000 ps,0000000000000000
00000000,10100011,16311000 ps,16390000 ps,0000000000000000
00000000,10100100,16411000 ps,16490000 ps,0000000000000000
00000000,10100101,16511000 ps,16590000 ps,0000000000000000
00000000,10100110,16611000 ps,16690000 ps,0000000000000000
00000000,10100111,16711000 ps,16790000 ps,0000000000000000
00000000,10101000,16811000 ps,16890000 ps,0000000000000000
00000000,10101001,16911000 ps,16990000 ps,0000000000000000
00000000,10101010,17011000 ps,17090000 ps,0000000000000000
00000000,10101011,17111000 ps,17190000 ps,0000000000000000
00000000,10101100,17211000 ps,17290000 ps,0000000000000000
00000000,10101101,17311000 ps,17390000 ps,0000000000000000
00000000,10101110,17411000 ps,17490000 ps,0000000000000000
00000000,10101111,17511000 ps,17590000 ps,0000000000000000
00000000,10110000,17611000 ps,17690000 ps,0000000000000000
00000000,10110001,17711000 ps,17790000 ps,0000000000000000
00000000,10110010,17811000 ps,17890000 ps,0000000000000000
00000000,10110011,17911000 ps,17990000 ps,0000000000000000
00000000,10110100,18011000 ps,18090000 ps,0000000000000000
00000000,10110101,18111000 ps,18190000 ps,0000000000000000
00000000,10110110,18211000 ps,18290000 ps,0000000000000000
00000000,10110111,18311000 ps,18390000 ps,0000000000000000
00000000,10111000,18411000 ps,18490000 ps,0000000000000000
00000000,10111001,18511000 ps,18590000 ps,0000000000000000
00000000,10111010,18611000 ps,18690000 ps,0000000000000000
00000000,10111011,18711000 ps,18790000 ps,0000000000000000
00000000,10111100,18811000 ps,18890000 ps,0000000000000000
00000000,10111101,18911000 ps,18990000 ps,0000000000000000
00000000,10111110,19011000 ps,19090000 ps,0000000000000000
00000000,10111111,19111000 ps,19190000 ps,0000000000000000
00000000,11000000,19211000 ps,19290000 ps,0000000000000000
00000000,11000001,19311000 ps,19390000 ps,0000000000000000
00000000,11000010,19411000 ps,19490000 ps,0000000000000000
00000000,11000011,19511000 ps,19590000 ps,0000000000000000
00000000,11000100,19611000 ps,19690000 ps,0000000000000000
00000000,11000101,19711000 ps,19790000 ps,0000000000000000
00000000,11000110,19811000 ps,19890000 ps,0000000000000000
00000000,11000111,19911000 ps,19990000 ps,0000000000000000
00000000,11001000,20011000 ps,20090000 ps,0000000000000000
00000000,11001001,20111000 ps,20190000 ps,0000000000000000
00000000,11001010,20211000 ps,20290000 ps,0000000000000000
00000000,11001011,20311000 ps,20390000 ps,0000000000000000
00000000,11001100,20411000 ps,20490000 ps,0000000000000000
00000000,11001101,20511000 ps,20590000 ps,0000000000000000
00000000,11001110,20611000 ps,20690000 ps,0000000000000000
00000000,11001111,20711000 ps,20790000 ps,0000000000000000
00000000,11010000,20811000 ps,20890000 ps,0000000000000000
00000000,11010001,20911000 ps,20990000 ps,0000000000000000
00000000,11010010,21011000 ps,21090000 ps,0000000000000000
00000000,11010011,21111000 ps,21190000 ps,0000000000000000
00000000,11010100,21211000 ps,21290000 ps,0000000000000000
00000000,11010101,21311000 ps,21390000 ps,0000000000000000
00000000,11010110,21411000 ps,21490000 ps,0000000000000000
00000000,11010111,21511000 ps,21590000 ps,0000000000000000
00000000,11011000,21611000 ps,21690000 ps,0000000000000000
00000000,11011001,21711000 ps,21790000 ps,0000000000000000
00000000,11011010,21811000 ps,21890000 ps,0000000000000000
00000000,11011011,21911000 ps,21990000 ps,0000000000000000
00000000,11011100,22011000 ps,22090000 ps,0000000000000000
00000000,11011101,22111000 ps,22190000 ps,0000000000000000
00000000,11011110,22211000 ps,22290000 ps,0000000000000000
00000000,11011111,22311000 ps,22390000 ps,0000000000000000
00000000,11100000,22411000 ps,22490000 ps,0000000000000000
00000000,11100001,22511000 ps,22590000 ps,0000000000000000
00000000,11100010,22611000 ps,22690000 ps,0000000000000000
00000000,11100011,22711000 ps,22790000 ps,0000000000000000
00000000,11100100,22811000 ps,22890000 ps,0000000000000000
00000000,11100101,22911000 ps,22990000 ps,0000000000000000
00000000,11100110,23011000 ps,23090000 ps,0000000000000000
00000000,11100111,23111000 ps,23190000 ps,0000000000000000
00000000,11101000,23211000 ps,23290000 ps,0000000000000000
00000000,11101001,23311000 ps,23390000 ps,0000000000000000
00000000,11101010,23411000 ps,23490000 ps,0000000000000000
00000000,11101011,23511000 ps,23590000 ps,0000000000000000
00000000,11101100,23611000 ps,23690000 ps,0000000000000000
00000000,11101101,23711000 ps,23790000 ps,0000000000000000
00000000,11101110,23811000 ps,23890000 ps,0000000000000000
00000000,11101111,23911000 ps,23990000 ps,0000000000000000
00000000,11110000,24011000 ps,24090000 ps,0000000000000000
00000000,11110001,24111000 ps,24190000 ps,0000000000000000
00000000,11110010,24211000 ps,24290000 ps,0000000000000000
00000000,11110011,24311000 ps,24390000 ps,0000000000000000
00000000,11110100,24411000 ps,24490000 ps,0000000000000000
00000000,11110101,24511000 ps,24590000 ps,0000000000000000
00000000,11110110,24611000 ps,24690000 ps,0000000000000000
00000000,11110111,24711000 ps,24790000 ps,0000000000000000
00000000,11111000,24811000 ps,24890000 ps,0000000000000000
00000000,11111001,24911000 ps,24990000 ps,0000000000000000
00000000,11111010,25011000 ps,25090000 ps,0000000000000000
00000000,11111011,25111000 ps,25190000 ps,0000000000000000
00000000,11111100,25211000 ps,25290000 ps,0000000000000000
00000000,11111101,25311000 ps,25390000 ps,0000000000000000
00000000,11111110,25411000 ps,25490000 ps,0000000000000000
00000000,11111111,25511000 ps,25590000 ps,0000000000000000
00000001,00000000,25611000 ps,25750000 ps,0000000000000000
00000001,00000001,25771000 ps,25910000 ps,0000000000000001
00000001,00000010,25931000 ps,26070000 ps,0000000000000010
00000001,00000011,26091000 ps,26230000 ps,0000000000000011
00000001,00000100,26251000 ps,26390000 ps,0000000000000100
00000001,00000101,26411000 ps,26550000 ps,0000000000000101
00000001,00000110,26571000 ps,26710000 ps,0000000000000110
00000001,00000111,26731000 ps,26870000 ps,0000000000000111
00000001,00001000,26891000 ps,27030000 ps,0000000000001000
00000001,00001001,27051000 ps,27190000 ps,0000000000001001
00000001,00001010,27211000 ps,27350000 ps,0000000000001010
00000001,00001011,27371000 ps,27510000 ps,0000000000001011
00000001,00001100,27531000 ps,27670000 ps,0000000000001100
00000001,00001101,27691000 ps,27830000 ps,0000000000001101
00000001,00001110,27851000 ps,27990000 ps,0000000000001110
00000001,00001111,28011000 ps,28150000 ps,0000000000001111
00000001,00010000,28171000 ps,28310000 ps,0000000000010000
00000001,00010001,28331000 ps,28470000 ps,0000000000010001
00000001,00010010,28491000 ps,28630000 ps,0000000000010010
00000001,00010011,28651000 ps,28790000 ps,0000000000010011
00000001,00010100,28811000 ps,28950000 ps,0000000000010100
00000001,00010101,28971000 ps,29110000 ps,0000000000010101
00000001,00010110,29131000 ps,29270000 ps,0000000000010110
00000001,00010111,29291000 ps,29430000 ps,0000000000010111
00000001,00011000,29451000 ps,29590000 ps,0000000000011000
00000001,00011001,29611000 ps,29750000 ps,0000000000011001
00000001,00011010,29771000 ps,29910000 ps,0000000000011010
00000001,00011011,29931000 ps,30070000 ps,0000000000011011
00000001,00011100,30091000 ps,30230000 ps,0000000000011100
00000001,00011101,30251000 ps,30390000 ps,0000000000011101
00000001,00011110,30411000 ps,30550000 ps,0000000000011110
00000001,00011111,30571000 ps,30710000 ps,0000000000011111
00000001,00100000,30731000 ps,30870000 ps,0000000000100000
00000001,00100001,30891000 ps,31030000 ps,0000000000100001
00000001,00100010,31051000 ps,31190000 ps,0000000000100010
00000001,00100011,31211000 ps,31350000 ps,0000000000100011
00000001,00100100,31371000 ps,31510000 ps,0000000000100100
00000001,00100101,31531000 ps,31670000 ps,0000000000100101
00000001,00100110,31691000 ps,31830000 ps,0000000000100110
00000001,00100111,31851000 ps,31990000 ps,0000000000100111
00000001,00101000,32011000 ps,32150000 ps,0000000000101000
00000001,00101001,32171000 ps,32310000 ps,0000000000101001
00000001,00101010,32331000 ps,32470000 ps,0000000000101010
00000001,00101011,32491000 ps,32630000 ps,0000000000101011
00000001,00101100,32651000 ps,32790000 ps,0000000000101100
00000001,00101101,32811000 ps,32950000 ps,0000000000101101
00000001,00101110,32971000 ps,33110000 ps,0000000000101110
00000001,00101111,33131000 ps,33270000 ps,0000000000101111
00000001,00110000,33291000 ps,33430000 ps,0000000000110000
00000001,00110001,33451000 ps,33590000 ps,0000000000110001
00000001,00110010,33611000 ps,33750000 ps,0000000000110010
00000001,00110011,33771000 ps,33910000 ps,0000000000110011
00000001,00110100,33931000 ps,34070000 ps,0000000000110100
00000001,00110101,34091000 ps,34230000 ps,0000000000110101
00000001,00110110,34251000 ps,34390000 ps,0000000000110110
00000001,00110111,34411000 ps,34550000 ps,0000000000110111
00000001,00111000,34571000 ps,34710000 ps,0000000000111000
00000001,00111001,34731000 ps,34870000 ps,0000000000111001
00000001,00111010,34891000 ps,35030000 ps,0000000000111010
00000001,00111011,35051000 ps,35190000 ps,0000000000111011
00000001,00111100,35211000 ps,35350000 ps,0000000000111100
00000001,00111101,35371000 ps,35510000 ps,0000000000111101
00000001,00111110,35531000 ps,35670000 ps,0000000000111110
00000001,00111111,35691000 ps,35830000 ps,0000000000111111
00000001,01000000,35851000 ps,35990000 ps,0000000001000000
00000001,01000001,36011000 ps,36150000 ps,0000000001000001
00000001,01000010,36171000 ps,36310000 ps,0000000001000010
00000001,01000011,36331000 ps,36470000 ps,0000000001000011
00000001,01000100,36491000 ps,36630000 ps,0000000001000100
00000001,01000101,36651000 ps,36790000 ps,0000000001000101
00000001,01000110,36811000 ps,36950000 ps,0000000001000110
00000001,01000111,36971000 ps,37110000 ps,0000000001000111
00000001,01001000,37131000 ps,37270000 ps,0000000001001000
00000001,01001001,37291000 ps,37430000 ps,0000000001001001
00000001,01001010,37451000 ps,37590000 ps,0000000001001010
00000001,01001011,37611000 ps,37750000 ps,0000000001001011
00000001,01001100,37771000 ps,37910000 ps,0000000001001100
00000001,01001101,37931000 ps,38070000 ps,0000000001001101
00000001,01001110,38091000 ps,38230000 ps,0000000001001110
00000001,01001111,38251000 ps,38390000 ps,0000000001001111
00000001,01010000,38411000 ps,38550000 ps,0000000001010000
00000001,01010001,38571000 ps,38710000 ps,0000000001010001
00000001,01010010,38731000 ps,38870000 ps,0000000001010010
00000001,01010011,38891000 ps,39030000 ps,0000000001010011
00000001,01010100,39051000 ps,39190000 ps,0000000001010100
00000001,01010101,39211000 ps,39350000 ps,0000000001010101
00000001,01010110,39371000 ps,39510000 ps,0000000001010110
00000001,01010111,39531000 ps,39670000 ps,0000000001010111
00000001,01011000,39691000 ps,39830000 ps,0000000001011000
00000001,01011001,39851000 ps,39990000 ps,0000000001011001
00000001,01011010,40011000 ps,40150000 ps,0000000001011010
00000001,01011011,40171000 ps,40310000 ps,0000000001011011
00000001,01011100,40331000 ps,40470000 ps,0000000001011100
00000001,01011101,40491000 ps,40630000 ps,0000000001011101
00000001,01011110,40651000 ps,40790000 ps,0000000001011110
00000001,01011111,40811000 ps,40950000 ps,0000000001011111
00000001,01100000,40971000 ps,41110000 ps,0000000001100000
00000001,01100001,41131000 ps,41270000 ps,0000000001100001
00000001,01100010,41291000 ps,41430000 ps,0000000001100010
00000001,01100011,41451000 ps,41590000 ps,0000000001100011
00000001,01100100,41611000 ps,41750000 ps,0000000001100100
00000001,01100101,41771000 ps,41910000 ps,0000000001100101
00000001,01100110,41931000 ps,42070000 ps,0000000001100110
00000001,01100111,42091000 ps,42230000 ps,0000000001100111
00000001,01101000,42251000 ps,42390000 ps,0000000001101000
00000001,01101001,42411000 ps,42550000 ps,0000000001101001
00000001,01101010,42571000 ps,42710000 ps,0000000001101010
00000001,01101011,42731000 ps,42870000 ps,0000000001101011
00000001,01101100,42891000 ps,43030000 ps,0000000001101100
00000001,01101101,43051000 ps,43190000 ps,0000000001101101
00000001,01101110,43211000 ps,43350000 ps,0000000001101110
00000001,01101111,43371000 ps,43510000 ps,0000000001101111
00000001,01110000,43531000 ps,43670000 ps,0000000001110000
00000001,01110001,43691000 ps,43830000 ps,0000000001110001
00000001,01110010,43851000 ps,43990000 ps,0000000001110010
00000001,01110011,44011000 ps,44150000 ps,0000000001110011
00000001,01110100,44171000 ps,44310000 ps,0000000001110100
00000001,01110101,44331000 ps,44470000 ps,0000000001110101
00000001,01110110,44491000 ps,44630000 ps,0000000001110110
00000001,01110111,44651000 ps,44790000 ps,0000000001110111
00000001,01111000,44811000 ps,44950000 ps,0000000001111000
00000001,01111001,44971000 ps,45110000 ps,0000000001111001
00000001,01111010,45131000 ps,45270000 ps,0000000001111010
00000001,01111011,45291000 ps,45430000 ps,0000000001111011
00000001,01111100,45451000 ps,45590000 ps,0000000001111100
00000001,01111101,45611000 ps,45750000 ps,0000000001111101
00000001,01111110,45771000 ps,45910000 ps,0000000001111110
00000001,01111111,45931000 ps,46070000 ps,0000000001111111
00000001,10000000,46091000 ps,46230000 ps,0000000010000000
00000001,10000001,46251000 ps,46390000 ps,0000000010000001
00000001,10000010,46411000 ps,46550000 ps,0000000010000010
00000001,10000011,46571000 ps,46710000 ps,0000000010000011
00000001,10000100,46731000 ps,46870000 ps,0000000010000100
00000001,10000101,46891000 ps,47030000 ps,0000000010000101
00000001,10000110,47051000 ps,47190000 ps,0000000010000110
00000001,10000111,47211000 ps,47350000 ps,0000000010000111
00000001,10001000,47371000 ps,47510000 ps,0000000010001000
00000001,10001001,47531000 ps,47670000 ps,0000000010001001
00000001,10001010,47691000 ps,47830000 ps,0000000010001010
00000001,10001011,47851000 ps,47990000 ps,0000000010001011
00000001,10001100,48011000 ps,48150000 ps,0000000010001100
00000001,10001101,48171000 ps,48310000 ps,0000000010001101
00000001,10001110,48331000 ps,48470000 ps,0000000010001110
00000001,10001111,48491000 ps,48630000 ps,0000000010001111
00000001,10010000,48651000 ps,48790000 ps,0000000010010000
00000001,10010001,48811000 ps,48950000 ps,0000000010010001
00000001,10010010,48971000 ps,49110000 ps,0000000010010010
00000001,10010011,49131000 ps,49270000 ps,0000000010010011
00000001,10010100,49291000 ps,49430000 ps,0000000010010100
00000001,10010101,49451000 ps,49590000 ps,0000000010010101
00000001,10010110,49611000 ps,49750000 ps,0000000010010110
00000001,10010111,49771000 ps,49910000 ps,0000000010010111
00000001,10011000,49931000 ps,50070000 ps,0000000010011000
00000001,10011001,50091000 ps,50230000 ps,0000000010011001
00000001,10011010,50251000 ps,50390000 ps,0000000010011010
00000001,10011011,50411000 ps,50550000 ps,0000000010011011
00000001,10011100,50571000 ps,50710000 ps,0000000010011100
00000001,10011101,50731000 ps,50870000 ps,0000000010011101
00000001,10011110,50891000 ps,51030000 ps,0000000010011110
00000001,10011111,51051000 ps,51190000 ps,0000000010011111
00000001,10100000,51211000 ps,51350000 ps,0000000010100000
00000001,10100001,51371000 ps,51510000 ps,0000000010100001
00000001,10100010,51531000 ps,51670000 ps,0000000010100010
00000001,10100011,51691000 ps,51830000 ps,0000000010100011
00000001,10100100,51851000 ps,51990000 ps,0000000010100100
00000001,10100101,52011000 ps,52150000 ps,0000000010100101
00000001,10100110,52171000 ps,52310000 ps,0000000010100110
00000001,10100111,52331000 ps,52470000 ps,0000000010100111
00000001,10101000,52491000 ps,52630000 ps,0000000010101000
00000001,10101001,52651000 ps,52790000 ps,0000000010101001
00000001,10101010,52811000 ps,52950000 ps,0000000010101010
00000001,10101011,52971000 ps,53110000 ps,0000000010101011
00000001,10101100,53131000 ps,53270000 ps,0000000010101100
00000001,10101101,53291000 ps,53430000 ps,0000000010101101
00000001,10101110,53451000 ps,53590000 ps,0000000010101110
00000001,10101111,53611000 ps,53750000 ps,0000000010101111
00000001,10110000,53771000 ps,53910000 ps,0000000010110000
00000001,10110001,53931000 ps,54070000 ps,0000000010110001
00000001,10110010,54091000 ps,54230000 ps,0000000010110010
00000001,10110011,54251000 ps,54390000 ps,0000000010110011
00000001,10110100,54411000 ps,54550000 ps,0000000010110100
00000001,10110101,54571000 ps,54710000 ps,0000000010110101
00000001,10110110,54731000 ps,54870000 ps,0000000010110110
00000001,10110111,54891000 ps,55030000 ps,0000000010110111
00000001,10111000,55051000 ps,55190000 ps,0000000010111000
00000001,10111001,55211000 ps,55350000 ps,0000000010111001
00000001,10111010,55371000 ps,55510000 ps,0000000010111010
00000001,10111011,55531000 ps,55670000 ps,0000000010111011
00000001,10111100,55691000 ps,55830000 ps,0000000010111100
00000001,10111101,55851000 ps,55990000 ps,0000000010111101
00000001,10111110,56011000 ps,56150000 ps,0000000010111110
00000001,10111111,56171000 ps,56310000 ps,0000000010111111
00000001,11000000,56331000 ps,56470000 ps,0000000011000000
00000001,11000001,56491000 ps,56630000 ps,0000000011000001
00000001,11000010,56651000 ps,56790000 ps,0000000011000010
00000001,11000011,56811000 ps,56950000 ps,0000000011000011
00000001,11000100,56971000 ps,57110000 ps,0000000011000100
00000001,11000101,57131000 ps,57270000 ps,0000000011000101
00000001,11000110,57291000 ps,57430000 ps,0000000011000110
00000001,11000111,57451000 ps,57590000 ps,0000000011000111
00000001,11001000,57611000 ps,57750000 ps,0000000011001000
00000001,11001001,57771000 ps,57910000 ps,0000000011001001
